_application fan
_version 2.2
_type SymmetricFan

AMBIENT_DIM
16

DIM
11

LINEALITY_DIM
6

RAYS
-1 -1 -1 1 1 -1 1 1 1 1 1 1 -1 -1 -1 -1	# 0
-1 -1 1 -1 1 1 -1 1 1 1 -1 -1 1 1 -1 -1	# 1
-1 -1 1 1 -1 1 1 -1 -1 -1 1 1 1 1 -1 -1	# 2
-1 -1 1 1 1 1 1 -1 -1 1 -1 -1 -1 -1 1 1	# 3
-1 1 -1 -1 1 1 1 -1 1 -1 1 -1 1 -1 1 -1	# 4
-1 1 -1 1 -1 1 -1 1 -1 1 -1 1 1 -1 1 -1	# 5
-1 1 -1 1 1 1 -1 1 -1 -1 1 -1 -1 1 -1 1	# 6
-1 1 1 -1 -1 -1 1 1 -1 1 1 -1 -1 1 1 -1	# 7
-1 1 1 -1 1 -1 1 1 -1 -1 -1 1 1 -1 -1 1	# 8
-1 1 1 1 -1 -1 -1 -1 1 1 1 -1 1 -1 -1 1	# 9
1 -1 -1 -1 1 1 1 1 -1 -1 -1 1 -1 1 1 -1	# 10
1 -1 -1 1 -1 1 -1 -1 1 1 1 -1 -1 1 1 -1	# 11
1 -1 -1 1 1 1 -1 -1 1 -1 -1 1 1 -1 -1 1	# 12
1 -1 1 -1 -1 -1 1 -1 1 1 -1 1 1 -1 1 -1	# 13
1 -1 1 -1 1 -1 1 -1 1 -1 1 -1 -1 1 -1 1	# 14
1 -1 1 1 -1 -1 -1 1 -1 1 -1 1 -1 1 -1 1	# 15
1 1 -1 -1 -1 -1 -1 1 1 -1 1 1 1 1 -1 -1	# 16
1 1 -1 -1 1 -1 -1 1 1 1 -1 -1 -1 -1 1 1	# 17
1 1 -1 1 -1 -1 1 -1 -1 -1 1 1 -1 -1 1 1	# 18
1 1 1 -1 -1 1 -1 -1 -1 -1 -1 -1 1 1 1 1	# 19
-5 1 1 1 1 1 1 1 -1 1 1 -1 1 -1 -1 -1	# 20
-1 -1 -1 -1 -1 1 1 1 1 1 1 1 1 1 1 -5	# 21
-1 -1 1 1 1 -1 -1 1 1 -1 1 1 1 1 -5 1	# 22
-1 1 -1 1 1 -1 1 -1 1 1 -1 1 1 -5 1 1	# 23
-1 1 1 -1 1 1 -1 -1 1 1 1 -5 -1 1 1 1	# 24
-1 1 1 1 -1 1 1 1 -5 -1 -1 1 -1 1 1 1	# 25
1 -5 1 1 1 1 1 -1 1 1 -1 1 -1 1 -1 -1	# 26
1 -1 -1 1 1 -1 1 1 -1 1 1 -1 -5 1 1 1	# 27
1 -1 1 -1 1 1 -1 1 -1 1 -5 1 1 -1 1 1	# 28
1 -1 1 1 -1 1 1 -5 1 -1 1 -1 1 -1 1 1	# 29
1 1 -5 1 1 1 -1 1 1 -1 1 1 -1 -1 1 -1	# 30
1 1 -1 -1 1 1 1 -1 -1 -5 1 1 1 1 -1 1	# 31
1 1 -1 1 -1 1 -5 1 1 1 -1 -1 1 1 -1 1	# 32
1 1 1 -5 1 -1 1 1 1 -1 -1 -1 1 1 1 -1	# 33
1 1 1 -1 -1 -5 1 1 1 1 1 1 -1 -1 -1 1	# 34
1 1 1 1 -5 -1 -1 -1 -1 1 1 1 1 1 1 -1	# 35

N_RAYS
36

LINEALITY_SPACE
1 0 0 0 0 0 0 0 -1 0 0 -1 0 -1 -1 -1
0 1 0 0 0 0 0 -1 0 0 -1 0 -1 0 -1 -1
0 0 1 0 0 0 -1 0 0 -1 0 0 -1 -1 0 -1
0 0 0 1 0 0 1 1 1 0 0 0 1 1 1 1
0 0 0 0 1 0 0 0 0 1 1 1 1 1 1 1
0 0 0 0 0 1 1 1 1 1 1 1 1 1 1 2

ORTH_LINEALITY_SPACE
1 0 0 0 0 0 0 0 -1 0 0 -1 -2 1 1 1
0 1 0 0 0 0 0 0 -1 0 0 -1 -1 0 1 1
0 0 1 0 0 0 0 0 -1 0 0 -1 -1 1 0 1
0 0 0 1 0 0 0 0 -1 0 0 0 -1 0 0 1
0 0 0 0 1 0 0 0 0 0 0 -1 -1 0 0 1
0 0 0 0 0 1 0 0 -1 0 0 -1 -1 1 1 0
0 0 0 0 0 0 1 0 -1 0 0 0 -1 0 1 0
0 0 0 0 0 0 0 1 -1 0 0 0 -1 1 0 0
0 0 0 0 0 0 0 0 0 1 0 -1 -1 0 1 0
0 0 0 0 0 0 0 0 0 0 1 -1 -1 1 0 0

F_VECTOR
1 36 280 960 1540 912

SIMPLICIAL
1

PURE
1

SYMMETRY_GENERATORS
0 1 2 4 3 5 9 10 11 6 7 8 12 13 14 15
0 1 3 2 4 6 5 7 8 9 12 13 10 11 14 15
0 1 5 6 9 2 3 7 8 4 10 11 12 13 15 14
0 2 1 3 4 5 7 6 8 10 9 11 12 14 13 15
1 0 2 3 4 5 6 8 7 9 11 10 13 12 14 15

CONES_ORBITS
{}	# New orbit	# Dimension 6
{19}	# New orbit	# Dimension 7
{35}	# New orbit
{33 35}	# New orbit	# Dimension 8
{34 35}	# New orbit
{19 35}	# New orbit
{31 34 35}	# New orbit	# Dimension 9
{19 31 35}	# New orbit
{19 32 35}	# New orbit
{33 34 35}	# New orbit
{19 33 35}	# New orbit
{25 29 31 35}	# New orbit	# Dimension 10
{31 32 33 35}	# New orbit
{16 33 34 35}	# New orbit
{32 33 34 35}	# New orbit
{19 32 33 35}	# New orbit
{19 25 29 31 35}	# New orbit	# Dimension 11
{29 31 33 34 35}	# New orbit
{16 32 33 34 35}	# New orbit
{19 31 32 33 35}	# New orbit

MAXIMAL_CONES_ORBITS
{19 25 29 31 35}	# New orbit	# Dimension 11
{29 31 33 34 35}	# New orbit
{16 32 33 34 35}	# New orbit
{19 31 32 33 35}	# New orbit

MULTIPLICITIES_ORBITS
1	# New orbit	# Dimension 11
1	# New orbit
1	# New orbit
1	# New orbit
