Q[p0e,p1e,p2e,p3e,p4e,p012e,p013e,p023e,p123e,p014e,p024e,p124e,p034e,p134e,p234e,p01234e]
{
p1e*p023e-p0e*p123e,
p0e*p014e*p234e-p0e*p4e*p01234e,
p1e*p014e*p234e-p1e*p4e*p01234e,
p1e*p024e-p0e*p124e,
p1e*p034e-p0e*p134e,
p4e*p023e-p0e*p234e,
p023e*p014e-p0e*p01234e,
p4e*p123e-p1e*p234e,
p123e*p014e-p1e*p01234e,
p123e*p024e-p023e*p124e,
p123e*p034e-p023e*p134e,
p124e*p034e-p024e*p134e}
{
p1e*p023e+p3e*p012e-p2e*p013e-p0e*p123e,
p0e*p014e*p234e-p4e*p013e*p024e+p4e*p012e*p034e+p3e*p014e*p024e-p2e*p014e*p034e-p0e*p4e*p01234e,
p1e*p014e*p234e-p4e*p013e*p124e+p4e*p012e*p134e+p3e*p014e*p124e-p2e*p014e*p134e-p1e*p4e*p01234e,
p1e*p024e+p4e*p012e-p2e*p014e-p0e*p124e,
p1e*p034e+p4e*p013e-p3e*p014e-p0e*p134e,
p4e*p023e-p3e*p024e+p2e*p034e-p0e*p234e,
p023e*p014e-p013e*p024e+p012e*p034e-p0e*p01234e,
p4e*p123e-p3e*p124e+p2e*p134e-p1e*p234e,
p123e*p014e-p013e*p124e+p012e*p134e-p1e*p01234e,
p123e*p024e-p023e*p124e+p012e*p234e-p2e*p01234e,
p123e*p034e-p023e*p134e+p013e*p234e-p3e*p01234e,
p124e*p034e-p024e*p134e+p014e*p234e-p4e*p01234e}
{(1,2,3,4,0,8,11,13,14,5,6,7,9,10,12,15), (1,0,2,3,4,5,6,8,7,9,11,10,13,12,14,15), {0, 1, 2, 3, 4, 5, 6, 7, 8, 9, 10, 11, 12, 13, 14, 15}, {1, 0, 5, 6, 9, 2, 3, 8, 7, 4, 11, 10, 13, 12, 15, 14}, {2, 5, 0, 7, 10, 1, 8, 3, 6, 11, 4, 9, 14, 15, 12, 13}, {5, 2, 1, 8, 11, 0, 7, 6, 3, 10, 9, 4, 15, 14, 13, 12}, {3, 6, 7, 0, 12, 8, 1, 2, 5, 13, 14, 15, 4, 9, 10, 11}, {6, 3, 8, 1, 13, 7, 0, 5, 2, 12, 15, 14, 9, 4, 11, 10}, {7, 8, 3, 2, 14, 6, 5, 0, 1, 15, 12, 13, 10, 11, 4, 9}, {4, 9, 10, 12, 0, 11, 13, 14, 15, 1, 2, 5, 3, 6, 7, 8}, {9, 4, 11, 13, 1, 10, 12, 15, 14, 0, 5, 2, 6, 3, 8, 7}, {10, 11, 4, 14, 2, 9, 15, 12, 13, 5, 0, 1, 7, 8, 3, 6}, {12, 13, 14, 4, 3, 15, 9, 10, 11, 6, 7, 8, 0, 1, 2, 5}, {8, 7, 6, 5, 15, 3, 2, 1, 0, 14, 13, 12, 11, 10, 9, 4}, {11, 10, 9, 15, 5, 4, 14, 13, 12, 2, 1, 0, 8, 7, 6, 3}, {13, 12, 15, 9, 6, 14, 4, 11, 10, 3, 8, 7, 1, 0, 5, 2}, {14, 15, 12, 10, 7, 13, 11, 4, 9, 8, 3, 6, 2, 5, 0, 1}, {15, 14, 13, 11, 8, 12, 10, 9, 4, 7, 6, 3, 5, 2, 1, 0}}
{(1,1,1,1,1,1,1,1,1,1,1,1,1,1,1,1), (1,1,1,1,1,-1,-1,1,1,-1,1,1,1,1,1,-1), {1, 1, 1, 1, 1, 1, 1, 1, 1, 1, 1, 1, 1, 1, 1, 1}, {1, 1, 1, 1, 1, 1, 1, 1, 1, 1, 1, 1, 1, 1, 1, 1}, {1, 1, 1, 1, 1, 1, 1, 1, 1, 1, 1, 1, 1, 1, 1, 1}, {1, 1, 1, 1, 1, 1, 1, 1, 1, 1, 1, 1, 1, 1, 1, 1}, {1, 1, 1, 1, 1, 1, 1, 1, 1, 1, 1, 1, 1, 1, 1, 1}, {1, 1, 1, 1, 1, 1, 1, 1, 1, 1, 1, 1, 1, 1, 1, 1}, {1, 1, 1, 1, 1, 1, 1, 1, 1, 1, 1, 1, 1, 1, 1, 1}, {1, 1, 1, 1, 1, 1, 1, 1, 1, 1, 1, 1, 1, 1, 1, 1}, {1, 1, 1, 1, 1, 1, 1, 1, 1, 1, 1, 1, 1, 1, 1, 1}, {1, 1, 1, 1, 1, 1, 1, 1, 1, 1, 1, 1, 1, 1, 1, 1}, {1, 1, 1, 1, 1, 1, 1, 1, 1, 1, 1, 1, 1, 1, 1, 1}, {1, 1, 1, 1, 1, 1, 1, 1, 1, 1, 1, 1, 1, 1, 1, 1}, {1, 1, 1, 1, 1, 1, 1, 1, 1, 1, 1, 1, 1, 1, 1, 1}, {1, 1, 1, 1, 1, 1, 1, 1, 1, 1, 1, 1, 1, 1, 1, 1}, {1, 1, 1, 1, 1, 1, 1, 1, 1, 1, 1, 1, 1, 1, 1, 1}, {1, 1, 1, 1, 1, 1, 1, 1, 1, 1, 1, 1, 1, 1, 1, 1}}
